% Data from NIST
% S. Prevrhal 17OCT2003
% First column Energy in kV, second mass attenuation coefficient (g/cm^2)
SimulationX.rho.Cerium=6.657;
SimulationX.data.Cerium = [...
    1.18540 7.545E+03;...
    1.22832 6.984E+03;...
    1.27280 6.465E+03;...
    1.273 6.853E+03;...
    1.35222 6.031E+03;...
    1.43660 5.293E+03;...
    1.44 5.532E+03;...
    1.50000 5.033E+03;...
    2.00000 2.607E+03;...
    3.00000 9.857E+02;...
    4.00000 4.811E+02;...
    5.00000 2.740E+02;...
    5.72340 1.943E+02;...
    5.73 5.454E+02;...
    6.00000 4.908E+02;...
    6.16420 4.554E+02;...
    6.165 6.188E+02;...
    6.35359 5.756E+02;...
    6.54880 5.332E+02;...
    6.55 6.149E+02;...
    8.00000 3.732E+02;...
    10.0000 2.082E+02;...
    15.0000 7.143E+01;...
    20.0000 3.312E+01;...
    30.0000 1.119E+01;...
    40.0000 5.215E+00;...
    40.4430 5.066E+00;...
    40.45 2.635E+01;...
    50.0000 1.520E+01;...
    60.0000 9.447E+00;...
    80.0000 4.409E+00;...
    100.000 2.445E+00;...
    150.000 8.687E-01;...
    200.000 4.452E-01;...
    300.000 2.039E-01;...
    400.000 1.342E-01;...
    500.000 1.041E-01;...
    600.000 8.757E-02;...
    800.000 6.962E-02;...
    1000.00 5.961E-02];

SimulationX.rho.Polystyrene=1.060;
SimulationX.data.Polystyrene=[...
1.00000  2.040E+03;...
1.50000  6.462E+02;...
2.00000  2.792E+02;...
3.00000  8.338E+01;...
4.00000  3.489E+01;...
5.00000  1.767E+01;...
6.00000  1.013E+01;...
8.00000  4.252E+00;...
10.0000  2.219E+00;...
15.0000  7.738E-01;...
20.0000  4.363E-01;...
30.0000  2.640E-01;...
40.0000  2.183E-01;...
50.0000  1.986E-01;...
60.000  1.870E-01;...
80.0000  1.725E-01;...
100.000  1.624E-01;...
150.000  1.448E-01;...
200.000  1.322E-01;...
300.000  1.147E-01;...
400.000  1.027E-01;...
500.000  9.379E-02;...
600.000  8.672E-02;...
800.0000  7.615E-02;...
1000.00  6.847E-02]

SimulationX.rho.Muscle=1.050;
SimulationX.data.Muscle=[...
1.00000E-03  3.719E+03
       1.03542  3.393E+03
       1.07210  3.094E+03
       1.073  3.100E+03
       1.50000  1.251E+03
       2.00000  5.594E+02
       2.14550  4.581E+02
       2.146  4.626E+02
       2.30297  3.776E+02
       2.47200  3.085E+02
       2.47300  3.140E+02
       2.64140  2.597E+02
       2.82240  2.145E+02
       2.823  2.160E+02
       3.00000  1.812E+02
       3.60740  1.057E+02
       3.608  1.100E+02
       4.00000  8.127E+01
       5.00000  4.206E+01
       6.00000  2.446E+01
       8.00000  1.037E+01
       10.0000  5.356E+00
       15.0000  1.693E+00
       20.0000  8.205E-01
       30.0000  3.783E-01
       40.0000  2.685E-01
       50.0000  2.262E-01
       60.0000  2.048E-01
       80.0000  1.823E-01
       100.000  1.693E-01
       150.000  1.492E-01
       200.00000  1.358E-01
       300.00000  1.176E-01
       400.00000  1.052E-01
       500.00000  9.598E-02
       600.000  8.874E-02
       800.000  7.793E-02
       1000.00  7.007E-02]
   
       
       
SimulationX.rho.PVC=1.406;       
SimulationX.data.PVC=[...       
    1.00000 2.457E+03;...
    1.50000 8.235E+02;...
    2.00000 3.727E+02;...
    2.82240 1.424E+02;...
    2.823 9.701E+02;...
    3.00000 8.702E+02;...
    4.00000 4.137E+02;...
    5.00000 2.287E+02;...
    6.00000 1.395E+02;...
    8.00000 6.276E+01;...
    10.0000 3.340E+01;...
    15.0000 1.045E+01;...
    20.0000 4.578E+00;...
    30.0000 1.491E+00;...
    40.0000 7.300E-01;...
    50.0000 4.559E-01;...
    60.0000 3.325E-01;...
    80.0000 2.298E-01;...
    100.000 1.887E-01;...
    150.000 1.486E-01;...
    200.000 1.308E-01;...
    300.000 1.110E-01;...
    400.000 9.867E-02;...
    500.000 8.981E-02;...
    600.000 8.293E-02;...
    800.000 7.271E-02;...
    1000.00 6.532E-02;... 
];